{
 "cells": [
  {
   "cell_type": "code",
   "execution_count": 3,
   "id": "02121fd6",
   "metadata": {},
   "outputs": [],
   "source": [
    "import numpy as np\n",
    "import pandas as pd\n",
    "import matplotlib.pyplot as plt\n",
    "%matplotlib inline"
   ]
  },
  {
   "cell_type": "code",
   "execution_count": 4,
   "id": "8ba74286",
   "metadata": {},
   "outputs": [],
   "source": [
    "X = pd.read_csv(r\"C:\\Users\\muham\\Desktop\\Final Y values.csv\") "
   ]
  },
  {
   "cell_type": "code",
   "execution_count": 5,
   "id": "8cb2772a",
   "metadata": {},
   "outputs": [
    {
     "data": {
      "text/html": [
       "<div>\n",
       "<style scoped>\n",
       "    .dataframe tbody tr th:only-of-type {\n",
       "        vertical-align: middle;\n",
       "    }\n",
       "\n",
       "    .dataframe tbody tr th {\n",
       "        vertical-align: top;\n",
       "    }\n",
       "\n",
       "    .dataframe thead th {\n",
       "        text-align: right;\n",
       "    }\n",
       "</style>\n",
       "<table border=\"1\" class=\"dataframe\">\n",
       "  <thead>\n",
       "    <tr style=\"text-align: right;\">\n",
       "      <th></th>\n",
       "      <th>Participant</th>\n",
       "      <th>Overall</th>\n",
       "      <th>RecommendHiring</th>\n",
       "      <th>Colleague</th>\n",
       "      <th>Engaged</th>\n",
       "      <th>Excited</th>\n",
       "      <th>EyeContact</th>\n",
       "      <th>Smiled</th>\n",
       "      <th>SpeakingRate</th>\n",
       "      <th>NoFillers</th>\n",
       "      <th>Friendly</th>\n",
       "      <th>Paused</th>\n",
       "      <th>EngagingTone</th>\n",
       "      <th>StructuredAnswers</th>\n",
       "      <th>Calm</th>\n",
       "      <th>NotStressed</th>\n",
       "      <th>Focused</th>\n",
       "      <th>Authentic</th>\n",
       "      <th>NotAwkward</th>\n",
       "      <th>Total</th>\n",
       "    </tr>\n",
       "  </thead>\n",
       "  <tbody>\n",
       "    <tr>\n",
       "      <th>0</th>\n",
       "      <td>p01</td>\n",
       "      <td>5.229732</td>\n",
       "      <td>5.010622</td>\n",
       "      <td>5.133300</td>\n",
       "      <td>5.554138</td>\n",
       "      <td>5.204389</td>\n",
       "      <td>5.886612</td>\n",
       "      <td>3.457616</td>\n",
       "      <td>5.086559</td>\n",
       "      <td>3.677166</td>\n",
       "      <td>5.225478</td>\n",
       "      <td>5.680047</td>\n",
       "      <td>5.114791</td>\n",
       "      <td>4.789158</td>\n",
       "      <td>5.135108</td>\n",
       "      <td>5.135076</td>\n",
       "      <td>5.884523</td>\n",
       "      <td>5.761051</td>\n",
       "      <td>5.247753</td>\n",
       "      <td>92.213120</td>\n",
       "    </tr>\n",
       "    <tr>\n",
       "      <th>1</th>\n",
       "      <td>p03</td>\n",
       "      <td>4.241489</td>\n",
       "      <td>4.243307</td>\n",
       "      <td>4.901043</td>\n",
       "      <td>5.561608</td>\n",
       "      <td>5.760159</td>\n",
       "      <td>5.442686</td>\n",
       "      <td>5.806217</td>\n",
       "      <td>5.351629</td>\n",
       "      <td>3.133246</td>\n",
       "      <td>6.550033</td>\n",
       "      <td>4.779155</td>\n",
       "      <td>5.662123</td>\n",
       "      <td>3.591220</td>\n",
       "      <td>4.547654</td>\n",
       "      <td>5.552121</td>\n",
       "      <td>5.454983</td>\n",
       "      <td>5.901496</td>\n",
       "      <td>4.892355</td>\n",
       "      <td>91.372523</td>\n",
       "    </tr>\n",
       "    <tr>\n",
       "      <th>2</th>\n",
       "      <td>p04</td>\n",
       "      <td>4.449449</td>\n",
       "      <td>4.453013</td>\n",
       "      <td>4.450071</td>\n",
       "      <td>5.449449</td>\n",
       "      <td>4.226134</td>\n",
       "      <td>4.285785</td>\n",
       "      <td>4.585215</td>\n",
       "      <td>5.073800</td>\n",
       "      <td>2.811144</td>\n",
       "      <td>5.336988</td>\n",
       "      <td>5.117745</td>\n",
       "      <td>4.239274</td>\n",
       "      <td>4.568838</td>\n",
       "      <td>5.106519</td>\n",
       "      <td>5.556608</td>\n",
       "      <td>5.332414</td>\n",
       "      <td>5.965836</td>\n",
       "      <td>4.645291</td>\n",
       "      <td>85.653574</td>\n",
       "    </tr>\n",
       "    <tr>\n",
       "      <th>3</th>\n",
       "      <td>p05</td>\n",
       "      <td>5.345767</td>\n",
       "      <td>5.457156</td>\n",
       "      <td>5.677249</td>\n",
       "      <td>5.990306</td>\n",
       "      <td>4.770706</td>\n",
       "      <td>6.569428</td>\n",
       "      <td>3.892048</td>\n",
       "      <td>5.492718</td>\n",
       "      <td>5.788174</td>\n",
       "      <td>5.564912</td>\n",
       "      <td>5.588633</td>\n",
       "      <td>4.669552</td>\n",
       "      <td>5.458251</td>\n",
       "      <td>6.213049</td>\n",
       "      <td>5.991637</td>\n",
       "      <td>6.432209</td>\n",
       "      <td>6.102007</td>\n",
       "      <td>5.762984</td>\n",
       "      <td>100.766785</td>\n",
       "    </tr>\n",
       "    <tr>\n",
       "      <th>4</th>\n",
       "      <td>p06</td>\n",
       "      <td>5.010651</td>\n",
       "      <td>4.783148</td>\n",
       "      <td>4.886059</td>\n",
       "      <td>5.102038</td>\n",
       "      <td>4.564826</td>\n",
       "      <td>4.233180</td>\n",
       "      <td>3.919423</td>\n",
       "      <td>4.492489</td>\n",
       "      <td>3.692033</td>\n",
       "      <td>4.349537</td>\n",
       "      <td>5.002782</td>\n",
       "      <td>4.226199</td>\n",
       "      <td>4.682624</td>\n",
       "      <td>5.882898</td>\n",
       "      <td>5.882439</td>\n",
       "      <td>5.661942</td>\n",
       "      <td>5.437186</td>\n",
       "      <td>5.529598</td>\n",
       "      <td>87.339054</td>\n",
       "    </tr>\n",
       "    <tr>\n",
       "      <th>...</th>\n",
       "      <td>...</td>\n",
       "      <td>...</td>\n",
       "      <td>...</td>\n",
       "      <td>...</td>\n",
       "      <td>...</td>\n",
       "      <td>...</td>\n",
       "      <td>...</td>\n",
       "      <td>...</td>\n",
       "      <td>...</td>\n",
       "      <td>...</td>\n",
       "      <td>...</td>\n",
       "      <td>...</td>\n",
       "      <td>...</td>\n",
       "      <td>...</td>\n",
       "      <td>...</td>\n",
       "      <td>...</td>\n",
       "      <td>...</td>\n",
       "      <td>...</td>\n",
       "      <td>...</td>\n",
       "      <td>...</td>\n",
       "    </tr>\n",
       "    <tr>\n",
       "      <th>133</th>\n",
       "      <td>pp83</td>\n",
       "      <td>5.904575</td>\n",
       "      <td>5.880662</td>\n",
       "      <td>6.434787</td>\n",
       "      <td>6.124322</td>\n",
       "      <td>5.880662</td>\n",
       "      <td>5.784778</td>\n",
       "      <td>6.448303</td>\n",
       "      <td>4.790506</td>\n",
       "      <td>4.583894</td>\n",
       "      <td>6.554928</td>\n",
       "      <td>5.576455</td>\n",
       "      <td>5.780160</td>\n",
       "      <td>4.587848</td>\n",
       "      <td>5.149281</td>\n",
       "      <td>5.239145</td>\n",
       "      <td>6.108363</td>\n",
       "      <td>6.555912</td>\n",
       "      <td>5.684055</td>\n",
       "      <td>103.068636</td>\n",
       "    </tr>\n",
       "    <tr>\n",
       "      <th>134</th>\n",
       "      <td>pp84</td>\n",
       "      <td>5.671007</td>\n",
       "      <td>6.002030</td>\n",
       "      <td>5.443720</td>\n",
       "      <td>5.574996</td>\n",
       "      <td>5.430726</td>\n",
       "      <td>5.256500</td>\n",
       "      <td>6.453361</td>\n",
       "      <td>4.940637</td>\n",
       "      <td>5.004777</td>\n",
       "      <td>6.452952</td>\n",
       "      <td>5.691242</td>\n",
       "      <td>5.662549</td>\n",
       "      <td>4.589011</td>\n",
       "      <td>4.811206</td>\n",
       "      <td>5.675067</td>\n",
       "      <td>6.098819</td>\n",
       "      <td>6.224889</td>\n",
       "      <td>5.016995</td>\n",
       "      <td>100.000485</td>\n",
       "    </tr>\n",
       "    <tr>\n",
       "      <th>135</th>\n",
       "      <td>pp85</td>\n",
       "      <td>5.462607</td>\n",
       "      <td>5.676659</td>\n",
       "      <td>5.679137</td>\n",
       "      <td>6.437562</td>\n",
       "      <td>5.758483</td>\n",
       "      <td>6.228026</td>\n",
       "      <td>4.905091</td>\n",
       "      <td>4.151364</td>\n",
       "      <td>3.909718</td>\n",
       "      <td>5.997075</td>\n",
       "      <td>5.364375</td>\n",
       "      <td>5.123947</td>\n",
       "      <td>4.591823</td>\n",
       "      <td>4.798510</td>\n",
       "      <td>4.899895</td>\n",
       "      <td>6.655410</td>\n",
       "      <td>6.437285</td>\n",
       "      <td>4.580059</td>\n",
       "      <td>96.657028</td>\n",
       "    </tr>\n",
       "    <tr>\n",
       "      <th>136</th>\n",
       "      <td>pp86</td>\n",
       "      <td>4.885388</td>\n",
       "      <td>4.670018</td>\n",
       "      <td>4.349523</td>\n",
       "      <td>5.451393</td>\n",
       "      <td>5.113764</td>\n",
       "      <td>5.789293</td>\n",
       "      <td>4.787543</td>\n",
       "      <td>4.839573</td>\n",
       "      <td>4.012613</td>\n",
       "      <td>4.902218</td>\n",
       "      <td>5.181425</td>\n",
       "      <td>5.220890</td>\n",
       "      <td>4.224030</td>\n",
       "      <td>5.664869</td>\n",
       "      <td>5.893981</td>\n",
       "      <td>5.207846</td>\n",
       "      <td>6.000834</td>\n",
       "      <td>5.115466</td>\n",
       "      <td>91.310669</td>\n",
       "    </tr>\n",
       "    <tr>\n",
       "      <th>137</th>\n",
       "      <td>pp89</td>\n",
       "      <td>4.884454</td>\n",
       "      <td>4.485563</td>\n",
       "      <td>5.127009</td>\n",
       "      <td>5.126526</td>\n",
       "      <td>4.489778</td>\n",
       "      <td>3.658041</td>\n",
       "      <td>4.918335</td>\n",
       "      <td>4.816559</td>\n",
       "      <td>3.147589</td>\n",
       "      <td>5.629704</td>\n",
       "      <td>5.878250</td>\n",
       "      <td>5.100771</td>\n",
       "      <td>4.028725</td>\n",
       "      <td>6.111052</td>\n",
       "      <td>5.744234</td>\n",
       "      <td>5.008760</td>\n",
       "      <td>6.241914</td>\n",
       "      <td>5.497603</td>\n",
       "      <td>89.894866</td>\n",
       "    </tr>\n",
       "  </tbody>\n",
       "</table>\n",
       "<p>138 rows × 20 columns</p>\n",
       "</div>"
      ],
      "text/plain": [
       "    Participant   Overall  RecommendHiring  Colleague   Engaged   Excited  \\\n",
       "0           p01  5.229732         5.010622   5.133300  5.554138  5.204389   \n",
       "1           p03  4.241489         4.243307   4.901043  5.561608  5.760159   \n",
       "2           p04  4.449449         4.453013   4.450071  5.449449  4.226134   \n",
       "3           p05  5.345767         5.457156   5.677249  5.990306  4.770706   \n",
       "4           p06  5.010651         4.783148   4.886059  5.102038  4.564826   \n",
       "..          ...       ...              ...        ...       ...       ...   \n",
       "133        pp83  5.904575         5.880662   6.434787  6.124322  5.880662   \n",
       "134        pp84  5.671007         6.002030   5.443720  5.574996  5.430726   \n",
       "135        pp85  5.462607         5.676659   5.679137  6.437562  5.758483   \n",
       "136        pp86  4.885388         4.670018   4.349523  5.451393  5.113764   \n",
       "137        pp89  4.884454         4.485563   5.127009  5.126526  4.489778   \n",
       "\n",
       "     EyeContact    Smiled  SpeakingRate  NoFillers  Friendly    Paused  \\\n",
       "0      5.886612  3.457616      5.086559   3.677166  5.225478  5.680047   \n",
       "1      5.442686  5.806217      5.351629   3.133246  6.550033  4.779155   \n",
       "2      4.285785  4.585215      5.073800   2.811144  5.336988  5.117745   \n",
       "3      6.569428  3.892048      5.492718   5.788174  5.564912  5.588633   \n",
       "4      4.233180  3.919423      4.492489   3.692033  4.349537  5.002782   \n",
       "..          ...       ...           ...        ...       ...       ...   \n",
       "133    5.784778  6.448303      4.790506   4.583894  6.554928  5.576455   \n",
       "134    5.256500  6.453361      4.940637   5.004777  6.452952  5.691242   \n",
       "135    6.228026  4.905091      4.151364   3.909718  5.997075  5.364375   \n",
       "136    5.789293  4.787543      4.839573   4.012613  4.902218  5.181425   \n",
       "137    3.658041  4.918335      4.816559   3.147589  5.629704  5.878250   \n",
       "\n",
       "     EngagingTone  StructuredAnswers      Calm  NotStressed   Focused  \\\n",
       "0        5.114791           4.789158  5.135108     5.135076  5.884523   \n",
       "1        5.662123           3.591220  4.547654     5.552121  5.454983   \n",
       "2        4.239274           4.568838  5.106519     5.556608  5.332414   \n",
       "3        4.669552           5.458251  6.213049     5.991637  6.432209   \n",
       "4        4.226199           4.682624  5.882898     5.882439  5.661942   \n",
       "..            ...                ...       ...          ...       ...   \n",
       "133      5.780160           4.587848  5.149281     5.239145  6.108363   \n",
       "134      5.662549           4.589011  4.811206     5.675067  6.098819   \n",
       "135      5.123947           4.591823  4.798510     4.899895  6.655410   \n",
       "136      5.220890           4.224030  5.664869     5.893981  5.207846   \n",
       "137      5.100771           4.028725  6.111052     5.744234  5.008760   \n",
       "\n",
       "     Authentic  NotAwkward       Total  \n",
       "0     5.761051    5.247753   92.213120  \n",
       "1     5.901496    4.892355   91.372523  \n",
       "2     5.965836    4.645291   85.653574  \n",
       "3     6.102007    5.762984  100.766785  \n",
       "4     5.437186    5.529598   87.339054  \n",
       "..         ...         ...         ...  \n",
       "133   6.555912    5.684055  103.068636  \n",
       "134   6.224889    5.016995  100.000485  \n",
       "135   6.437285    4.580059   96.657028  \n",
       "136   6.000834    5.115466   91.310669  \n",
       "137   6.241914    5.497603   89.894866  \n",
       "\n",
       "[138 rows x 20 columns]"
      ]
     },
     "execution_count": 5,
     "metadata": {},
     "output_type": "execute_result"
    }
   ],
   "source": [
    "X.fillna(0)"
   ]
  },
  {
   "cell_type": "code",
   "execution_count": 6,
   "id": "9d261629",
   "metadata": {},
   "outputs": [
    {
     "data": {
      "text/html": [
       "<div>\n",
       "<style scoped>\n",
       "    .dataframe tbody tr th:only-of-type {\n",
       "        vertical-align: middle;\n",
       "    }\n",
       "\n",
       "    .dataframe tbody tr th {\n",
       "        vertical-align: top;\n",
       "    }\n",
       "\n",
       "    .dataframe thead th {\n",
       "        text-align: right;\n",
       "    }\n",
       "</style>\n",
       "<table border=\"1\" class=\"dataframe\">\n",
       "  <thead>\n",
       "    <tr style=\"text-align: right;\">\n",
       "      <th></th>\n",
       "      <th>Overall</th>\n",
       "      <th>RecommendHiring</th>\n",
       "      <th>Colleague</th>\n",
       "      <th>Engaged</th>\n",
       "      <th>Excited</th>\n",
       "      <th>EyeContact</th>\n",
       "      <th>Smiled</th>\n",
       "      <th>SpeakingRate</th>\n",
       "      <th>NoFillers</th>\n",
       "      <th>Friendly</th>\n",
       "      <th>Paused</th>\n",
       "      <th>EngagingTone</th>\n",
       "      <th>StructuredAnswers</th>\n",
       "      <th>Calm</th>\n",
       "      <th>NotStressed</th>\n",
       "      <th>Focused</th>\n",
       "      <th>Authentic</th>\n",
       "      <th>NotAwkward</th>\n",
       "      <th>Total</th>\n",
       "    </tr>\n",
       "  </thead>\n",
       "  <tbody>\n",
       "    <tr>\n",
       "      <th>Overall</th>\n",
       "      <td>1.000000</td>\n",
       "      <td>0.958025</td>\n",
       "      <td>0.758049</td>\n",
       "      <td>0.781649</td>\n",
       "      <td>0.734087</td>\n",
       "      <td>0.592402</td>\n",
       "      <td>0.445640</td>\n",
       "      <td>0.312439</td>\n",
       "      <td>0.415202</td>\n",
       "      <td>0.542497</td>\n",
       "      <td>0.094577</td>\n",
       "      <td>0.780236</td>\n",
       "      <td>0.670537</td>\n",
       "      <td>0.349170</td>\n",
       "      <td>0.508651</td>\n",
       "      <td>0.822185</td>\n",
       "      <td>0.542441</td>\n",
       "      <td>0.795160</td>\n",
       "      <td>0.920779</td>\n",
       "    </tr>\n",
       "    <tr>\n",
       "      <th>RecommendHiring</th>\n",
       "      <td>0.958025</td>\n",
       "      <td>1.000000</td>\n",
       "      <td>0.804720</td>\n",
       "      <td>0.792325</td>\n",
       "      <td>0.772862</td>\n",
       "      <td>0.592742</td>\n",
       "      <td>0.484696</td>\n",
       "      <td>0.290421</td>\n",
       "      <td>0.391003</td>\n",
       "      <td>0.593798</td>\n",
       "      <td>0.058531</td>\n",
       "      <td>0.784381</td>\n",
       "      <td>0.653083</td>\n",
       "      <td>0.295464</td>\n",
       "      <td>0.467791</td>\n",
       "      <td>0.820016</td>\n",
       "      <td>0.569171</td>\n",
       "      <td>0.757734</td>\n",
       "      <td>0.922906</td>\n",
       "    </tr>\n",
       "    <tr>\n",
       "      <th>Colleague</th>\n",
       "      <td>0.758049</td>\n",
       "      <td>0.804720</td>\n",
       "      <td>1.000000</td>\n",
       "      <td>0.668364</td>\n",
       "      <td>0.697129</td>\n",
       "      <td>0.408303</td>\n",
       "      <td>0.594900</td>\n",
       "      <td>0.300487</td>\n",
       "      <td>0.299958</td>\n",
       "      <td>0.719927</td>\n",
       "      <td>0.174689</td>\n",
       "      <td>0.687374</td>\n",
       "      <td>0.520738</td>\n",
       "      <td>0.048073</td>\n",
       "      <td>0.233920</td>\n",
       "      <td>0.649805</td>\n",
       "      <td>0.649309</td>\n",
       "      <td>0.555112</td>\n",
       "      <td>0.811759</td>\n",
       "    </tr>\n",
       "    <tr>\n",
       "      <th>Engaged</th>\n",
       "      <td>0.781649</td>\n",
       "      <td>0.792325</td>\n",
       "      <td>0.668364</td>\n",
       "      <td>1.000000</td>\n",
       "      <td>0.813926</td>\n",
       "      <td>0.557407</td>\n",
       "      <td>0.486775</td>\n",
       "      <td>0.331423</td>\n",
       "      <td>0.207046</td>\n",
       "      <td>0.635709</td>\n",
       "      <td>-0.046993</td>\n",
       "      <td>0.798026</td>\n",
       "      <td>0.417565</td>\n",
       "      <td>0.094288</td>\n",
       "      <td>0.288525</td>\n",
       "      <td>0.749105</td>\n",
       "      <td>0.607031</td>\n",
       "      <td>0.606087</td>\n",
       "      <td>0.817303</td>\n",
       "    </tr>\n",
       "    <tr>\n",
       "      <th>Excited</th>\n",
       "      <td>0.734087</td>\n",
       "      <td>0.772862</td>\n",
       "      <td>0.697129</td>\n",
       "      <td>0.813926</td>\n",
       "      <td>1.000000</td>\n",
       "      <td>0.449278</td>\n",
       "      <td>0.600403</td>\n",
       "      <td>0.391645</td>\n",
       "      <td>0.160885</td>\n",
       "      <td>0.760589</td>\n",
       "      <td>-0.117527</td>\n",
       "      <td>0.881016</td>\n",
       "      <td>0.373596</td>\n",
       "      <td>-0.069301</td>\n",
       "      <td>0.223198</td>\n",
       "      <td>0.618783</td>\n",
       "      <td>0.562704</td>\n",
       "      <td>0.552156</td>\n",
       "      <td>0.801320</td>\n",
       "    </tr>\n",
       "    <tr>\n",
       "      <th>EyeContact</th>\n",
       "      <td>0.592402</td>\n",
       "      <td>0.592742</td>\n",
       "      <td>0.408303</td>\n",
       "      <td>0.557407</td>\n",
       "      <td>0.449278</td>\n",
       "      <td>1.000000</td>\n",
       "      <td>0.203494</td>\n",
       "      <td>0.145154</td>\n",
       "      <td>0.460804</td>\n",
       "      <td>0.283783</td>\n",
       "      <td>0.113750</td>\n",
       "      <td>0.461476</td>\n",
       "      <td>0.367987</td>\n",
       "      <td>0.341321</td>\n",
       "      <td>0.407751</td>\n",
       "      <td>0.652568</td>\n",
       "      <td>0.332436</td>\n",
       "      <td>0.561209</td>\n",
       "      <td>0.661779</td>\n",
       "    </tr>\n",
       "    <tr>\n",
       "      <th>Smiled</th>\n",
       "      <td>0.445640</td>\n",
       "      <td>0.484696</td>\n",
       "      <td>0.594900</td>\n",
       "      <td>0.486775</td>\n",
       "      <td>0.600403</td>\n",
       "      <td>0.203494</td>\n",
       "      <td>1.000000</td>\n",
       "      <td>0.261464</td>\n",
       "      <td>0.205955</td>\n",
       "      <td>0.838821</td>\n",
       "      <td>0.121348</td>\n",
       "      <td>0.580707</td>\n",
       "      <td>0.182441</td>\n",
       "      <td>-0.155775</td>\n",
       "      <td>0.109703</td>\n",
       "      <td>0.320541</td>\n",
       "      <td>0.512541</td>\n",
       "      <td>0.300767</td>\n",
       "      <td>0.617662</td>\n",
       "    </tr>\n",
       "    <tr>\n",
       "      <th>SpeakingRate</th>\n",
       "      <td>0.312439</td>\n",
       "      <td>0.290421</td>\n",
       "      <td>0.300487</td>\n",
       "      <td>0.331423</td>\n",
       "      <td>0.391645</td>\n",
       "      <td>0.145154</td>\n",
       "      <td>0.261464</td>\n",
       "      <td>1.000000</td>\n",
       "      <td>0.122145</td>\n",
       "      <td>0.320862</td>\n",
       "      <td>0.095409</td>\n",
       "      <td>0.459673</td>\n",
       "      <td>0.200794</td>\n",
       "      <td>0.026239</td>\n",
       "      <td>0.116939</td>\n",
       "      <td>0.313000</td>\n",
       "      <td>0.276704</td>\n",
       "      <td>0.282552</td>\n",
       "      <td>0.408335</td>\n",
       "    </tr>\n",
       "    <tr>\n",
       "      <th>NoFillers</th>\n",
       "      <td>0.415202</td>\n",
       "      <td>0.391003</td>\n",
       "      <td>0.299958</td>\n",
       "      <td>0.207046</td>\n",
       "      <td>0.160885</td>\n",
       "      <td>0.460804</td>\n",
       "      <td>0.205955</td>\n",
       "      <td>0.122145</td>\n",
       "      <td>1.000000</td>\n",
       "      <td>0.146364</td>\n",
       "      <td>0.280667</td>\n",
       "      <td>0.208639</td>\n",
       "      <td>0.472846</td>\n",
       "      <td>0.355280</td>\n",
       "      <td>0.395862</td>\n",
       "      <td>0.401630</td>\n",
       "      <td>0.152866</td>\n",
       "      <td>0.382286</td>\n",
       "      <td>0.516175</td>\n",
       "    </tr>\n",
       "    <tr>\n",
       "      <th>Friendly</th>\n",
       "      <td>0.542497</td>\n",
       "      <td>0.593798</td>\n",
       "      <td>0.719927</td>\n",
       "      <td>0.635709</td>\n",
       "      <td>0.760589</td>\n",
       "      <td>0.283783</td>\n",
       "      <td>0.838821</td>\n",
       "      <td>0.320862</td>\n",
       "      <td>0.146364</td>\n",
       "      <td>1.000000</td>\n",
       "      <td>0.031659</td>\n",
       "      <td>0.749052</td>\n",
       "      <td>0.180184</td>\n",
       "      <td>-0.178706</td>\n",
       "      <td>0.126573</td>\n",
       "      <td>0.417210</td>\n",
       "      <td>0.679591</td>\n",
       "      <td>0.384887</td>\n",
       "      <td>0.706286</td>\n",
       "    </tr>\n",
       "    <tr>\n",
       "      <th>Paused</th>\n",
       "      <td>0.094577</td>\n",
       "      <td>0.058531</td>\n",
       "      <td>0.174689</td>\n",
       "      <td>-0.046993</td>\n",
       "      <td>-0.117527</td>\n",
       "      <td>0.113750</td>\n",
       "      <td>0.121348</td>\n",
       "      <td>0.095409</td>\n",
       "      <td>0.280667</td>\n",
       "      <td>0.031659</td>\n",
       "      <td>1.000000</td>\n",
       "      <td>-0.023660</td>\n",
       "      <td>0.331855</td>\n",
       "      <td>0.128607</td>\n",
       "      <td>0.007581</td>\n",
       "      <td>0.116262</td>\n",
       "      <td>0.058603</td>\n",
       "      <td>0.056891</td>\n",
       "      <td>0.178267</td>\n",
       "    </tr>\n",
       "    <tr>\n",
       "      <th>EngagingTone</th>\n",
       "      <td>0.780236</td>\n",
       "      <td>0.784381</td>\n",
       "      <td>0.687374</td>\n",
       "      <td>0.798026</td>\n",
       "      <td>0.881016</td>\n",
       "      <td>0.461476</td>\n",
       "      <td>0.580707</td>\n",
       "      <td>0.459673</td>\n",
       "      <td>0.208639</td>\n",
       "      <td>0.749052</td>\n",
       "      <td>-0.023660</td>\n",
       "      <td>1.000000</td>\n",
       "      <td>0.423012</td>\n",
       "      <td>0.090568</td>\n",
       "      <td>0.352525</td>\n",
       "      <td>0.623555</td>\n",
       "      <td>0.603279</td>\n",
       "      <td>0.667721</td>\n",
       "      <td>0.854348</td>\n",
       "    </tr>\n",
       "    <tr>\n",
       "      <th>StructuredAnswers</th>\n",
       "      <td>0.670537</td>\n",
       "      <td>0.653083</td>\n",
       "      <td>0.520738</td>\n",
       "      <td>0.417565</td>\n",
       "      <td>0.373596</td>\n",
       "      <td>0.367987</td>\n",
       "      <td>0.182441</td>\n",
       "      <td>0.200794</td>\n",
       "      <td>0.472846</td>\n",
       "      <td>0.180184</td>\n",
       "      <td>0.331855</td>\n",
       "      <td>0.423012</td>\n",
       "      <td>1.000000</td>\n",
       "      <td>0.321226</td>\n",
       "      <td>0.330199</td>\n",
       "      <td>0.592317</td>\n",
       "      <td>0.204664</td>\n",
       "      <td>0.505354</td>\n",
       "      <td>0.633921</td>\n",
       "    </tr>\n",
       "    <tr>\n",
       "      <th>Calm</th>\n",
       "      <td>0.349170</td>\n",
       "      <td>0.295464</td>\n",
       "      <td>0.048073</td>\n",
       "      <td>0.094288</td>\n",
       "      <td>-0.069301</td>\n",
       "      <td>0.341321</td>\n",
       "      <td>-0.155775</td>\n",
       "      <td>0.026239</td>\n",
       "      <td>0.355280</td>\n",
       "      <td>-0.178706</td>\n",
       "      <td>0.128607</td>\n",
       "      <td>0.090568</td>\n",
       "      <td>0.321226</td>\n",
       "      <td>1.000000</td>\n",
       "      <td>0.826943</td>\n",
       "      <td>0.333823</td>\n",
       "      <td>0.000884</td>\n",
       "      <td>0.610472</td>\n",
       "      <td>0.342203</td>\n",
       "    </tr>\n",
       "    <tr>\n",
       "      <th>NotStressed</th>\n",
       "      <td>0.508651</td>\n",
       "      <td>0.467791</td>\n",
       "      <td>0.233920</td>\n",
       "      <td>0.288525</td>\n",
       "      <td>0.223198</td>\n",
       "      <td>0.407751</td>\n",
       "      <td>0.109703</td>\n",
       "      <td>0.116939</td>\n",
       "      <td>0.395862</td>\n",
       "      <td>0.126573</td>\n",
       "      <td>0.007581</td>\n",
       "      <td>0.352525</td>\n",
       "      <td>0.330199</td>\n",
       "      <td>0.826943</td>\n",
       "      <td>1.000000</td>\n",
       "      <td>0.416199</td>\n",
       "      <td>0.176988</td>\n",
       "      <td>0.738432</td>\n",
       "      <td>0.548683</td>\n",
       "    </tr>\n",
       "    <tr>\n",
       "      <th>Focused</th>\n",
       "      <td>0.822185</td>\n",
       "      <td>0.820016</td>\n",
       "      <td>0.649805</td>\n",
       "      <td>0.749105</td>\n",
       "      <td>0.618783</td>\n",
       "      <td>0.652568</td>\n",
       "      <td>0.320541</td>\n",
       "      <td>0.313000</td>\n",
       "      <td>0.401630</td>\n",
       "      <td>0.417210</td>\n",
       "      <td>0.116262</td>\n",
       "      <td>0.623555</td>\n",
       "      <td>0.592317</td>\n",
       "      <td>0.333823</td>\n",
       "      <td>0.416199</td>\n",
       "      <td>1.000000</td>\n",
       "      <td>0.514557</td>\n",
       "      <td>0.655833</td>\n",
       "      <td>0.818071</td>\n",
       "    </tr>\n",
       "    <tr>\n",
       "      <th>Authentic</th>\n",
       "      <td>0.542441</td>\n",
       "      <td>0.569171</td>\n",
       "      <td>0.649309</td>\n",
       "      <td>0.607031</td>\n",
       "      <td>0.562704</td>\n",
       "      <td>0.332436</td>\n",
       "      <td>0.512541</td>\n",
       "      <td>0.276704</td>\n",
       "      <td>0.152866</td>\n",
       "      <td>0.679591</td>\n",
       "      <td>0.058603</td>\n",
       "      <td>0.603279</td>\n",
       "      <td>0.204664</td>\n",
       "      <td>0.000884</td>\n",
       "      <td>0.176988</td>\n",
       "      <td>0.514557</td>\n",
       "      <td>1.000000</td>\n",
       "      <td>0.327404</td>\n",
       "      <td>0.631735</td>\n",
       "    </tr>\n",
       "    <tr>\n",
       "      <th>NotAwkward</th>\n",
       "      <td>0.795160</td>\n",
       "      <td>0.757734</td>\n",
       "      <td>0.555112</td>\n",
       "      <td>0.606087</td>\n",
       "      <td>0.552156</td>\n",
       "      <td>0.561209</td>\n",
       "      <td>0.300767</td>\n",
       "      <td>0.282552</td>\n",
       "      <td>0.382286</td>\n",
       "      <td>0.384887</td>\n",
       "      <td>0.056891</td>\n",
       "      <td>0.667721</td>\n",
       "      <td>0.505354</td>\n",
       "      <td>0.610472</td>\n",
       "      <td>0.738432</td>\n",
       "      <td>0.655833</td>\n",
       "      <td>0.327404</td>\n",
       "      <td>1.000000</td>\n",
       "      <td>0.807371</td>\n",
       "    </tr>\n",
       "    <tr>\n",
       "      <th>Total</th>\n",
       "      <td>0.920779</td>\n",
       "      <td>0.922906</td>\n",
       "      <td>0.811759</td>\n",
       "      <td>0.817303</td>\n",
       "      <td>0.801320</td>\n",
       "      <td>0.661779</td>\n",
       "      <td>0.617662</td>\n",
       "      <td>0.408335</td>\n",
       "      <td>0.516175</td>\n",
       "      <td>0.706286</td>\n",
       "      <td>0.178267</td>\n",
       "      <td>0.854348</td>\n",
       "      <td>0.633921</td>\n",
       "      <td>0.342203</td>\n",
       "      <td>0.548683</td>\n",
       "      <td>0.818071</td>\n",
       "      <td>0.631735</td>\n",
       "      <td>0.807371</td>\n",
       "      <td>1.000000</td>\n",
       "    </tr>\n",
       "  </tbody>\n",
       "</table>\n",
       "</div>"
      ],
      "text/plain": [
       "                    Overall  RecommendHiring  Colleague   Engaged   Excited  \\\n",
       "Overall            1.000000         0.958025   0.758049  0.781649  0.734087   \n",
       "RecommendHiring    0.958025         1.000000   0.804720  0.792325  0.772862   \n",
       "Colleague          0.758049         0.804720   1.000000  0.668364  0.697129   \n",
       "Engaged            0.781649         0.792325   0.668364  1.000000  0.813926   \n",
       "Excited            0.734087         0.772862   0.697129  0.813926  1.000000   \n",
       "EyeContact         0.592402         0.592742   0.408303  0.557407  0.449278   \n",
       "Smiled             0.445640         0.484696   0.594900  0.486775  0.600403   \n",
       "SpeakingRate       0.312439         0.290421   0.300487  0.331423  0.391645   \n",
       "NoFillers          0.415202         0.391003   0.299958  0.207046  0.160885   \n",
       "Friendly           0.542497         0.593798   0.719927  0.635709  0.760589   \n",
       "Paused             0.094577         0.058531   0.174689 -0.046993 -0.117527   \n",
       "EngagingTone       0.780236         0.784381   0.687374  0.798026  0.881016   \n",
       "StructuredAnswers  0.670537         0.653083   0.520738  0.417565  0.373596   \n",
       "Calm               0.349170         0.295464   0.048073  0.094288 -0.069301   \n",
       "NotStressed        0.508651         0.467791   0.233920  0.288525  0.223198   \n",
       "Focused            0.822185         0.820016   0.649805  0.749105  0.618783   \n",
       "Authentic          0.542441         0.569171   0.649309  0.607031  0.562704   \n",
       "NotAwkward         0.795160         0.757734   0.555112  0.606087  0.552156   \n",
       "Total              0.920779         0.922906   0.811759  0.817303  0.801320   \n",
       "\n",
       "                   EyeContact    Smiled  SpeakingRate  NoFillers  Friendly  \\\n",
       "Overall              0.592402  0.445640      0.312439   0.415202  0.542497   \n",
       "RecommendHiring      0.592742  0.484696      0.290421   0.391003  0.593798   \n",
       "Colleague            0.408303  0.594900      0.300487   0.299958  0.719927   \n",
       "Engaged              0.557407  0.486775      0.331423   0.207046  0.635709   \n",
       "Excited              0.449278  0.600403      0.391645   0.160885  0.760589   \n",
       "EyeContact           1.000000  0.203494      0.145154   0.460804  0.283783   \n",
       "Smiled               0.203494  1.000000      0.261464   0.205955  0.838821   \n",
       "SpeakingRate         0.145154  0.261464      1.000000   0.122145  0.320862   \n",
       "NoFillers            0.460804  0.205955      0.122145   1.000000  0.146364   \n",
       "Friendly             0.283783  0.838821      0.320862   0.146364  1.000000   \n",
       "Paused               0.113750  0.121348      0.095409   0.280667  0.031659   \n",
       "EngagingTone         0.461476  0.580707      0.459673   0.208639  0.749052   \n",
       "StructuredAnswers    0.367987  0.182441      0.200794   0.472846  0.180184   \n",
       "Calm                 0.341321 -0.155775      0.026239   0.355280 -0.178706   \n",
       "NotStressed          0.407751  0.109703      0.116939   0.395862  0.126573   \n",
       "Focused              0.652568  0.320541      0.313000   0.401630  0.417210   \n",
       "Authentic            0.332436  0.512541      0.276704   0.152866  0.679591   \n",
       "NotAwkward           0.561209  0.300767      0.282552   0.382286  0.384887   \n",
       "Total                0.661779  0.617662      0.408335   0.516175  0.706286   \n",
       "\n",
       "                     Paused  EngagingTone  StructuredAnswers      Calm  \\\n",
       "Overall            0.094577      0.780236           0.670537  0.349170   \n",
       "RecommendHiring    0.058531      0.784381           0.653083  0.295464   \n",
       "Colleague          0.174689      0.687374           0.520738  0.048073   \n",
       "Engaged           -0.046993      0.798026           0.417565  0.094288   \n",
       "Excited           -0.117527      0.881016           0.373596 -0.069301   \n",
       "EyeContact         0.113750      0.461476           0.367987  0.341321   \n",
       "Smiled             0.121348      0.580707           0.182441 -0.155775   \n",
       "SpeakingRate       0.095409      0.459673           0.200794  0.026239   \n",
       "NoFillers          0.280667      0.208639           0.472846  0.355280   \n",
       "Friendly           0.031659      0.749052           0.180184 -0.178706   \n",
       "Paused             1.000000     -0.023660           0.331855  0.128607   \n",
       "EngagingTone      -0.023660      1.000000           0.423012  0.090568   \n",
       "StructuredAnswers  0.331855      0.423012           1.000000  0.321226   \n",
       "Calm               0.128607      0.090568           0.321226  1.000000   \n",
       "NotStressed        0.007581      0.352525           0.330199  0.826943   \n",
       "Focused            0.116262      0.623555           0.592317  0.333823   \n",
       "Authentic          0.058603      0.603279           0.204664  0.000884   \n",
       "NotAwkward         0.056891      0.667721           0.505354  0.610472   \n",
       "Total              0.178267      0.854348           0.633921  0.342203   \n",
       "\n",
       "                   NotStressed   Focused  Authentic  NotAwkward     Total  \n",
       "Overall               0.508651  0.822185   0.542441    0.795160  0.920779  \n",
       "RecommendHiring       0.467791  0.820016   0.569171    0.757734  0.922906  \n",
       "Colleague             0.233920  0.649805   0.649309    0.555112  0.811759  \n",
       "Engaged               0.288525  0.749105   0.607031    0.606087  0.817303  \n",
       "Excited               0.223198  0.618783   0.562704    0.552156  0.801320  \n",
       "EyeContact            0.407751  0.652568   0.332436    0.561209  0.661779  \n",
       "Smiled                0.109703  0.320541   0.512541    0.300767  0.617662  \n",
       "SpeakingRate          0.116939  0.313000   0.276704    0.282552  0.408335  \n",
       "NoFillers             0.395862  0.401630   0.152866    0.382286  0.516175  \n",
       "Friendly              0.126573  0.417210   0.679591    0.384887  0.706286  \n",
       "Paused                0.007581  0.116262   0.058603    0.056891  0.178267  \n",
       "EngagingTone          0.352525  0.623555   0.603279    0.667721  0.854348  \n",
       "StructuredAnswers     0.330199  0.592317   0.204664    0.505354  0.633921  \n",
       "Calm                  0.826943  0.333823   0.000884    0.610472  0.342203  \n",
       "NotStressed           1.000000  0.416199   0.176988    0.738432  0.548683  \n",
       "Focused               0.416199  1.000000   0.514557    0.655833  0.818071  \n",
       "Authentic             0.176988  0.514557   1.000000    0.327404  0.631735  \n",
       "NotAwkward            0.738432  0.655833   0.327404    1.000000  0.807371  \n",
       "Total                 0.548683  0.818071   0.631735    0.807371  1.000000  "
      ]
     },
     "execution_count": 6,
     "metadata": {},
     "output_type": "execute_result"
    }
   ],
   "source": [
    "X.corr()"
   ]
  }
 ],
 "metadata": {
  "kernelspec": {
   "display_name": "Python 3 (ipykernel)",
   "language": "python",
   "name": "python3"
  },
  "language_info": {
   "codemirror_mode": {
    "name": "ipython",
    "version": 3
   },
   "file_extension": ".py",
   "mimetype": "text/x-python",
   "name": "python",
   "nbconvert_exporter": "python",
   "pygments_lexer": "ipython3",
   "version": "3.9.7"
  }
 },
 "nbformat": 4,
 "nbformat_minor": 5
}
